0 0.03308823529411765 0.7837301587301587 0.06323529411764706 0.11904761904761904
0 0.11764705882352941 0.6765873015873015 0.05 0.05555555555555555
0 0.15220588235294116 0.5714285714285714 0.057352941176470586 0.0873015873015873
0 0.23970588235294119 0.4742063492063492 0.08529411764705883 0.11507936507936507
0 0.28823529411764703 0.6309523809523809 0.05 0.05555555555555555
0 0.31985294117647056 0.5714285714285714 0.060294117647058824 0.06349206349206349
0 0.3713235294117647 0.4801587301587301 0.03676470588235294 0.07142857142857142
0 0.4463235294117647 0.45535714285714285 0.04852941176470588 0.06944444444444445
0 0.49779411764705883 0.3958333333333333 0.03676470588235294 0.037698412698412696
0 0.4838235294117647 0.14384920634920634 0.026470588235294117 0.017857142857142856
0 0.3654411764705882 0.20634920634920634 0.027941176470588233 0.023809523809523808
0 0.18970588235294117 0.802579365079365 0.032352941176470584 0.0496031746031746
0 0.011764705882352941 0.9057539682539683 0.020588235294117647 0.03373015873015873
0 0.013235294117647059 0.9841269841269841 0.023529411764705882 0.031746031746031744
