0 0.8502415458937198 0.8059006211180124 0.05797101449275362 0.15527950310559005
0 0.7608695652173912 0.20031055900621117 0.19806763285024154 0.08074534161490683
0 0.36231884057971014 0.296583850931677 0.05797101449275362 0.040372670807453416
0 0.28743961352657005 0.3967391304347826 0.02898550724637681 0.04503105590062111
0 0.3502415458937198 0.4712732919254658 0.05314009661835749 0.02950310559006211
0 0.21980676328502413 0.8307453416149068 0.033816425120772944 0.09316770186335403
0 0.15338164251207728 0.8812111801242235 0.03140096618357488 0.07298136645962733
0 0.35144927536231885 0.8680124223602483 0.05072463768115942 0.024844720496894408
0 0.35386473429951687 0.7950310559006211 0.041062801932367145 0.018633540372670808
0 0.2886473429951691 0.6816770186335404 0.026570048309178744 0.03105590062111801
0 0.7246376811594203 0.6149068322981366 0.04830917874396135 0.03416149068322981
0 0.5809178743961353 0.8664596273291925 0.03140096618357488 0.021739130434782608
0 0.5905797101449275 0.9736024844720497 0.03140096618357488 0.018633540372670808
0 0.3393719806763285 0.687888198757764 0.021739130434782608 0.024844720496894408
