0 0.5289473684210526 0.290414878397711 0.09368421052631579 0.10300429184549356
0 0.42 0.37839771101573677 0.06315789473684211 0.09298998569384835
0 0.6068421052631578 0.45350500715307585 0.022105263157894735 0.08869814020028613
0 0.6478947368421053 0.4341917024320458 0.028421052631578948 0.06723891273247497
0 0.5147368421052632 0.47138769670958514 0.02526315789473684 0.0844062947067239
0 0.4747368421052631 0.488555078683834 0.021052631578947368 0.07868383404864092
0 0.43894736842105264 0.5035765379113019 0.01894736842105263 0.07439198855507868
0 0.611578947368421 0.6065808297567954 0.014736842105263158 0.09442060085836909
0 0.6105263157894737 0.7725321888412017 0.023157894736842106 0.10014306151645208
0 0.47736842105263155 0.6402002861230329 0.02 0.0844062947067239
0 0.5189473684210526 0.6208869814020028 0.023157894736842106 0.08011444921316166
0 0.653157894736842 0.5872675250357654 0.017894736842105262 0.0844062947067239
